x <- c(1:8)
y < c(9:21)
